(0, 120, 3160)
(0, 1000, 3000)
(0, 1800, 2600)
(0, 1992, 2456)
(0, 2456, 1992)
(0, 2600, 1800)
(0, 3000, 1000)
(0, 3160, 120)
(24, 2232, 2240)
(24, 2240, 2232)
(64, 840, 3048)
(64, 3048, 840)
(72, 96, 3160)
(72, 600, 3104)
(72, 640, 3096)
(72, 1304, 2880)
(72, 2880, 1304)
(72, 3096, 640)
(72, 3104, 600)
(72, 3160, 96)
(96, 72, 3160)
(96, 1320, 2872)
(96, 2872, 1320)
(96, 3160, 72)
(120, 0, 3160)
(120, 1896, 2528)
(120, 2528, 1896)
(120, 3160, 0)
(152, 1536, 2760)
(152, 2760, 1536)
(168, 2080, 2376)
(168, 2376, 2080)
(192, 280, 3144)
(192, 1560, 2744)
(192, 2744, 1560)
(192, 3144, 280)
(216, 1288, 2880)
(216, 2880, 1288)
(264, 800, 3048)
(264, 3048, 800)
(280, 192, 3144)
(280, 696, 3072)
(280, 960, 3000)
(280, 1032, 2976)
(280, 1824, 2568)
(280, 2040, 2400)
(280, 2400, 2040)
(280, 2568, 1824)
(280, 2976, 1032)
(280, 3000, 960)
(280, 3072, 696)
(280, 3144, 192)
(288, 1800, 2584)
(288, 2584, 1800)
(296, 1272, 2880)
(296, 2880, 1272)
(352, 936, 3000)
(352, 3000, 936)
(408, 1080, 2944)
(408, 2944, 1080)
(456, 2008, 2400)
(456, 2400, 2008)
(504, 1728, 2600)
(504, 2080, 2328)
(504, 2328, 2080)
(504, 2600, 1728)
(568, 1176, 2880)
(568, 1824, 2520)
(568, 2520, 1824)
(568, 2880, 1176)
(576, 1432, 2760)
(576, 2760, 1432)
(584, 1560, 2688)
(584, 2112, 2280)
(584, 2280, 2112)
(584, 2688, 1560)
(600, 72, 3104)
(600, 800, 3000)
(600, 1160, 2880)
(600, 1608, 2656)
(600, 1920, 2440)
(600, 2440, 1920)
(600, 2656, 1608)
(600, 2880, 1160)
(600, 3000, 800)
(600, 3104, 72)
(640, 72, 3096)
(640, 936, 2952)
(640, 1800, 2520)
(640, 2520, 1800)
(640, 2952, 936)
(640, 3096, 72)
(648, 2136, 2240)
(648, 2240, 2136)
(672, 1896, 2440)
(672, 2440, 1896)
(696, 280, 3072)
(696, 1440, 2728)
(696, 2728, 1440)
(696, 3072, 280)
(712, 1320, 2784)
(712, 2784, 1320)
(728, 1800, 2496)
(728, 2040, 2304)
(728, 2304, 2040)
(728, 2496, 1800)
(768, 1880, 2424)
(768, 2424, 1880)
(792, 840, 2944)
(792, 2944, 840)
(800, 264, 3048)
(800, 600, 3000)
(800, 1320, 2760)
(800, 1416, 2712)
(800, 2040, 2280)
(800, 2280, 2040)
(800, 2712, 1416)
(800, 2760, 1320)
(800, 3000, 600)
(800, 3048, 264)
(840, 64, 3048)
(840, 792, 2944)
(840, 928, 2904)
(840, 1000, 2880)
(840, 1704, 2528)
(840, 1880, 2400)
(840, 2400, 1880)
(840, 2528, 1704)
(840, 2880, 1000)
(840, 2904, 928)
(840, 2944, 792)
(840, 3048, 64)
(928, 840, 2904)
(928, 2904, 840)
(936, 352, 3000)
(936, 640, 2952)
(936, 2952, 640)
(936, 3000, 352)
(960, 280, 3000)
(960, 1576, 2568)
(960, 2024, 2232)
(960, 2232, 2024)
(960, 2568, 1576)
(960, 3000, 280)
(984, 1920, 2312)
(984, 2312, 1920)
(1000, 0, 3000)
(1000, 840, 2880)
(1000, 1056, 2808)
(1000, 1800, 2400)
(1000, 2400, 1800)
(1000, 2808, 1056)
(1000, 2880, 840)
(1000, 3000, 0)
(1016, 1320, 2688)
(1016, 2688, 1320)
(1032, 280, 2976)
(1032, 2976, 280)
(1056, 1000, 2808)
(1056, 1592, 2520)
(1056, 2520, 1592)
(1056, 2808, 1000)
(1080, 408, 2944)
(1080, 1216, 2712)
(1080, 1440, 2600)
(1080, 2600, 1440)
(1080, 2712, 1216)
(1080, 2944, 408)
(1152, 1864, 2280)
(1152, 2280, 1864)
(1160, 600, 2880)
(1160, 1248, 2664)
(1160, 1944, 2208)
(1160, 2208, 1944)
(1160, 2664, 1248)
(1160, 2880, 600)
(1176, 568, 2880)
(1176, 1632, 2440)
(1176, 2440, 1632)
(1176, 2880, 568)
(1216, 1080, 2712)
(1216, 2040, 2088)
(1216, 2088, 2040)
(1216, 2712, 1080)
(1248, 1160, 2664)
(1248, 2664, 1160)
(1272, 296, 2880)
(1272, 2880, 296)
(1288, 216, 2880)
(1288, 2880, 216)
(1304, 72, 2880)
(1304, 2880, 72)
(1320, 96, 2872)
(1320, 712, 2784)
(1320, 800, 2760)
(1320, 1016, 2688)
(1320, 1728, 2296)
(1320, 1800, 2240)
(1320, 2240, 1800)
(1320, 2296, 1728)
(1320, 2688, 1016)
(1320, 2760, 800)
(1320, 2784, 712)
(1320, 2872, 96)
(1344, 2008, 2040)
(1344, 2040, 2008)
(1416, 800, 2712)
(1416, 1880, 2112)
(1416, 2112, 1880)
(1416, 2712, 800)
(1432, 576, 2760)
(1432, 1440, 2424)
(1432, 2424, 1440)
(1432, 2760, 576)
(1440, 696, 2728)
(1440, 1080, 2600)
(1440, 1432, 2424)
(1440, 2424, 1432)
(1440, 2600, 1080)
(1440, 2728, 696)
(1448, 1464, 2400)
(1448, 2400, 1464)
(1464, 1448, 2400)
(1464, 2400, 1448)
(1536, 152, 2760)
(1536, 2760, 152)
(1560, 192, 2744)
(1560, 584, 2688)
(1560, 1800, 2080)
(1560, 2080, 1800)
(1560, 2688, 584)
(1560, 2744, 192)
(1576, 960, 2568)
(1576, 2568, 960)
(1592, 1056, 2520)
(1592, 1920, 1944)
(1592, 1944, 1920)
(1592, 2520, 1056)
(1608, 600, 2656)
(1608, 2656, 600)
(1632, 1176, 2440)
(1632, 1800, 2024)
(1632, 2024, 1800)
(1632, 2440, 1176)
(1664, 1752, 2040)
(1664, 2040, 1752)
(1704, 840, 2528)
(1704, 2528, 840)
(1728, 504, 2600)
(1728, 1320, 2296)
(1728, 2296, 1320)
(1728, 2600, 504)
(1752, 1664, 2040)
(1752, 2040, 1664)
(1800, 0, 2600)
(1800, 288, 2584)
(1800, 640, 2520)
(1800, 728, 2496)
(1800, 1000, 2400)
(1800, 1320, 2240)
(1800, 1560, 2080)
(1800, 1632, 2024)
(1800, 2024, 1632)
(1800, 2080, 1560)
(1800, 2240, 1320)
(1800, 2400, 1000)
(1800, 2496, 728)
(1800, 2520, 640)
(1800, 2584, 288)
(1800, 2600, 0)
(1824, 280, 2568)
(1824, 568, 2520)
(1824, 2520, 568)
(1824, 2568, 280)
(1864, 1152, 2280)
(1864, 2280, 1152)
(1880, 768, 2424)
(1880, 840, 2400)
(1880, 1416, 2112)
(1880, 2112, 1416)
(1880, 2400, 840)
(1880, 2424, 768)
(1896, 120, 2528)
(1896, 672, 2440)
(1896, 2440, 672)
(1896, 2528, 120)
(1920, 600, 2440)
(1920, 984, 2312)
(1920, 1592, 1944)
(1920, 1944, 1592)
(1920, 2312, 984)
(1920, 2440, 600)
(1944, 1160, 2208)
(1944, 1592, 1920)
(1944, 1920, 1592)
(1944, 2208, 1160)
(1992, 0, 2456)
(1992, 2456, 0)
(2008, 456, 2400)
(2008, 1344, 2040)
(2008, 2040, 1344)
(2008, 2400, 456)
(2024, 960, 2232)
(2024, 1632, 1800)
(2024, 1800, 1632)
(2024, 2232, 960)
(2040, 280, 2400)
(2040, 728, 2304)
(2040, 800, 2280)
(2040, 1216, 2088)
(2040, 1344, 2008)
(2040, 1664, 1752)
(2040, 1752, 1664)
(2040, 2008, 1344)
(2040, 2088, 1216)
(2040, 2280, 800)
(2040, 2304, 728)
(2040, 2400, 280)
(2080, 168, 2376)
(2080, 504, 2328)
(2080, 1560, 1800)
(2080, 1800, 1560)
(2080, 2328, 504)
(2080, 2376, 168)
(2088, 1216, 2040)
(2088, 2040, 1216)
(2112, 584, 2280)
(2112, 1416, 1880)
(2112, 1880, 1416)
(2112, 2280, 584)
(2136, 648, 2240)
(2136, 2240, 648)
(2208, 1160, 1944)
(2208, 1944, 1160)
(2232, 24, 2240)
(2232, 960, 2024)
(2232, 2024, 960)
(2232, 2240, 24)
(2240, 24, 2232)
(2240, 648, 2136)
(2240, 1320, 1800)
(2240, 1800, 1320)
(2240, 2136, 648)
(2240, 2232, 24)
(2280, 584, 2112)
(2280, 800, 2040)
(2280, 1152, 1864)
(2280, 1864, 1152)
(2280, 2040, 800)
(2280, 2112, 584)
(2296, 1320, 1728)
(2296, 1728, 1320)
(2304, 728, 2040)
(2304, 2040, 728)
(2312, 984, 1920)
(2312, 1920, 984)
(2328, 504, 2080)
(2328, 2080, 504)
(2376, 168, 2080)
(2376, 2080, 168)
(2400, 280, 2040)
(2400, 456, 2008)
(2400, 840, 1880)
(2400, 1000, 1800)
(2400, 1448, 1464)
(2400, 1464, 1448)
(2400, 1800, 1000)
(2400, 1880, 840)
(2400, 2008, 456)
(2400, 2040, 280)
(2424, 768, 1880)
(2424, 1432, 1440)
(2424, 1440, 1432)
(2424, 1880, 768)
(2440, 600, 1920)
(2440, 672, 1896)
(2440, 1176, 1632)
(2440, 1632, 1176)
(2440, 1896, 672)
(2440, 1920, 600)
(2456, 0, 1992)
(2456, 1992, 0)
(2496, 728, 1800)
(2496, 1800, 728)
(2520, 568, 1824)
(2520, 640, 1800)
(2520, 1056, 1592)
(2520, 1592, 1056)
(2520, 1800, 640)
(2520, 1824, 568)
(2528, 120, 1896)
(2528, 840, 1704)
(2528, 1704, 840)
(2528, 1896, 120)
(2568, 280, 1824)
(2568, 960, 1576)
(2568, 1576, 960)
(2568, 1824, 280)
(2584, 288, 1800)
(2584, 1800, 288)
(2600, 0, 1800)
(2600, 504, 1728)
(2600, 1080, 1440)
(2600, 1440, 1080)
(2600, 1728, 504)
(2600, 1800, 0)
(2656, 600, 1608)
(2656, 1608, 600)
(2664, 1160, 1248)
(2664, 1248, 1160)
(2688, 584, 1560)
(2688, 1016, 1320)
(2688, 1320, 1016)
(2688, 1560, 584)
(2712, 800, 1416)
(2712, 1080, 1216)
(2712, 1216, 1080)
(2712, 1416, 800)
(2728, 696, 1440)
(2728, 1440, 696)
(2744, 192, 1560)
(2744, 1560, 192)
(2760, 152, 1536)
(2760, 576, 1432)
(2760, 800, 1320)
(2760, 1320, 800)
(2760, 1432, 576)
(2760, 1536, 152)
(2784, 712, 1320)
(2784, 1320, 712)
(2808, 1000, 1056)
(2808, 1056, 1000)
(2872, 96, 1320)
(2872, 1320, 96)
(2880, 72, 1304)
(2880, 216, 1288)
(2880, 296, 1272)
(2880, 568, 1176)
(2880, 600, 1160)
(2880, 840, 1000)
(2880, 1000, 840)
(2880, 1160, 600)
(2880, 1176, 568)
(2880, 1272, 296)
(2880, 1288, 216)
(2880, 1304, 72)
(2904, 840, 928)
(2904, 928, 840)
(2944, 408, 1080)
(2944, 792, 840)
(2944, 840, 792)
(2944, 1080, 408)
(2952, 640, 936)
(2952, 936, 640)
(2976, 280, 1032)
(2976, 1032, 280)
(3000, 0, 1000)
(3000, 280, 960)
(3000, 352, 936)
(3000, 600, 800)
(3000, 800, 600)
(3000, 936, 352)
(3000, 960, 280)
(3000, 1000, 0)
(3048, 64, 840)
(3048, 264, 800)
(3048, 800, 264)
(3048, 840, 64)
(3072, 280, 696)
(3072, 696, 280)
(3096, 72, 640)
(3096, 640, 72)
(3104, 72, 600)
(3104, 600, 72)
(3144, 192, 280)
(3144, 280, 192)
(3160, 0, 120)
(3160, 72, 96)
(3160, 96, 72)
(3160, 120, 0)
