octave:14> real
real =

   0.061538
   0.107692
   0.084615
   0.069231
   0.046154
   0.138462
   0.123077
   0.100000
   0.115385
   0.153846

octave:15> mmd
mmd =

   0.103281
   0.100152
   0.099571
   0.106992
   0.105755
   0.099571
   0.096479
   0.098334
   0.093386
   0.096479

octave:16> svm
svm =

   0.061538
   0.115385
   0.084615
   0.069231
   0.053846
   0.146154
   0.123077
   0.092308
   0.107692
   0.146154

octave:17> rms_mmd 
rms_mmd =  0.036054
octave:18> rms_svm 
rms_svm =  0.067937
