octave:40> mmd
mmd =

   0.103282
   0.100150
   0.099571
   0.106992
   0.105755
   0.099571
   0.096479
   0.098334
   0.093386
   0.096479

octave:41> res
res =

   0.061111
   0.116667
   0.088889
   0.055556
   0.061111
   0.122222
   0.138889
   0.105556
   0.122222
   0.127778

octave:42> ori
ori =

   0.061111
   0.111111
   0.088889
   0.055556
   0.055556
   0.116667
   0.138889
   0.111111
   0.127778
   0.133333

octave:43> rms_
rms_mmd  rms_svm  
octave:43> rms_svm 
rms_svm =  0.0043033
octave:44> rms_mmd 
rms_mmd =  0.034603
